,0,1,2,3,4,5,6,7,8,9,10,11,12,13,14,15,16,17,18,19,20,21,22,23,24
0,"[[  6.29897420e+03   5.63827349e+00  -3.02759446e-03   3.97481794e+00
   -1.31180051e+01  -2.54021082e+01  -2.32841498e+02   8.20504071e+00
    2.23396834e+01   2.38920081e+01  -6.64930108e+00   8.23193160e+05
   -4.35271063e+02  -9.12242502e+03  -1.46369589e+01]
 [  5.63827349e+00   1.52325294e-01  -6.74945622e-06   3.39783013e-02
    3.62211681e-02  -2.68930769e-01  -2.53035422e-01  -6.04939596e-03
    4.26724932e-05  -2.06111990e+00   9.75795102e-02  -1.41159203e+03
   -1.71044446e-01  -1.24622401e+01  -2.81261618e-02]
 [ -3.02759446e-03  -6.74945622e-06   1.53271328e-08  -5.41762156e-05
    4.00630297e-05   5.43992427e-05   6.03491669e-04  -6.85642740e-06
   -1.49368332e-05  -5.52744840e-05  -2.35613435e-05  -1.41589931e-03
   -4.51812514e-06  -7.42595497e-04  -1.11497874e-06]
 [  3.97481794e+00   3.39783013e-02  -5.41762156e-05   2.35250555e-01
   -1.07948648e-01  -1.80561715e-01  -2.29606940e+00   2.20776951e-02
    3.15654633e-02   5.43850351e-01   6.67091596e-02  -4.20771634e+03
    7.96118726e-01   1.19269120e+01   7.79343859e-02]
 [ -1.31180051e+01   3.62211681e-02   4.00630297e-05  -1.07948648e-01
    3.87902271e+00  -6.45187333e-01   3.28598456e-01  -1.45630209e-02
   -5.07212758e-02  -1.03928138e+01  -8.45290019e-02  -1.08546540e+03
    4.58405668e+00  -2.37755076e+01   3.59094539e-02]
 [ -2.54021082e+01  -2.68930769e-01   5.43992427e-05  -1.80561715e-01
   -6.45187333e-01   1.93515190e+00   3.80999909e+00  -2.17917965e-02
   -3.85249067e-02   8.88180715e+00  -3.29791426e-01  -7.55924212e+03
   -5.44460062e+00  -5.16538250e+00  -4.79808151e-02]
 [ -2.32841498e+02  -2.53035422e-01   6.03491669e-04  -2.29606940e+00
    3.28598456e-01   3.80999909e+00   7.39107981e+01  -8.06243334e-01
   -1.54386787e+00  -4.04116100e+01   1.12549997e-01  -8.25685644e+04
   -2.95592029e+00  -1.44749278e+02  -1.13955633e+00]
 [  8.20504071e+00  -6.04939596e-03  -6.85642740e-06   2.20776951e-02
   -1.45630209e-02  -2.17917965e-02  -8.06243334e-01   1.91359643e-02
    4.55765058e-02   6.89934672e-01  -3.59788133e-02   1.28779613e+03
   -5.44016743e-01  -8.42339444e+00  -2.72702874e-04]
 [  2.23396834e+01   4.26724932e-05  -1.49368332e-05   3.15654633e-02
   -5.07212758e-02  -3.85249067e-02  -1.54386787e+00   4.55765058e-02
    1.24661766e-01   1.39056620e+00  -8.71877998e-02   3.80367308e+03
   -1.72857747e+00  -2.93074662e+01  -5.38415955e-02]
 [  2.38920081e+01  -2.06111990e+00  -5.52744840e-05   5.43850351e-01
   -1.03928138e+01   8.88180715e+00  -4.04116100e+01   6.89934672e-01
    1.39056620e+00   2.25509407e+02  -3.31473836e+00   2.74508547e+04
   -1.60765915e+01   3.97138100e+02   1.14705480e+00]
 [ -6.64930108e+00   9.75795102e-02  -2.35613435e-05   6.67091596e-02
   -8.45290019e-02  -3.29791426e-01   1.12549997e-01  -3.59788133e-02
   -8.71877998e-02  -3.31473836e+00   2.70895957e-01   6.17105541e+02
    1.40146373e+00   1.80561779e+01  -1.52959877e-02]
 [  8.23193160e+05  -1.41159203e+03  -1.41589931e-03  -4.20771634e+03
   -1.08546540e+03  -7.55924212e+03  -8.25685644e+04   1.28779613e+03
    3.80367308e+03   2.74508547e+04   6.17105541e+02   6.80644126e+08
   -7.08336004e+04  -4.74688635e+05  -4.16203285e+03]
 [ -4.35271063e+02  -1.71044446e-01  -4.51812514e-06   7.96118726e-01
    4.58405668e+00  -5.44460062e+00  -2.95592029e+00  -5.44016743e-01
   -1.72857747e+00  -1.60765915e+01   1.40146373e+00  -7.08336004e+04
    9.95564029e+01   5.89558892e+02   1.33229128e+00]
 [ -9.12242502e+03  -1.24622401e+01  -7.42595497e-04   1.19269120e+01
   -2.37755076e+01  -5.16538250e+00  -1.44749278e+02  -8.42339444e+00
   -2.93074662e+01   3.97138100e+02   1.80561779e+01  -4.74688635e+05
    5.89558892e+02   2.77311706e+04   4.58818359e+01]
 [ -1.46369589e+01  -2.81261618e-02  -1.11497874e-06   7.79343859e-02
    3.59094539e-02  -4.79808151e-02  -1.13955633e+00  -2.72702874e-04
   -5.38415955e-02   1.14705480e+00  -1.52959877e-02  -4.16203285e+03
    1.33229128e+00   4.58818359e+01   2.16754749e-01]]","[[  5.68250552e+05   1.86844556e+02  -1.33473034e-01   1.10533755e+03
   -4.03705545e+05  -1.27669355e+03  -2.20426380e+04   1.36207373e+03
    7.98460755e+02   2.07692374e+07   3.95077417e+05  -4.59205719e+07
    1.48889989e+04   5.15829624e+05   1.19370733e+03]
 [  1.86844556e+02   1.53250507e+00   4.02744026e-05  -7.79404911e-01
    1.34548308e+02  -3.69500614e+00  -1.24737392e+01   2.99551126e-02
   -1.16548135e-01  -1.37164358e+04  -2.71107750e+02   9.81222959e+04
    2.36197462e+01   8.95054388e+01  -9.09722967e-01]
 [ -1.33473034e-01   4.02744026e-05   8.20989168e-08  -5.19034179e-04
    1.34873518e-01   1.80594329e-03   6.74509059e-03  -4.11070218e-04
   -3.40095167e-04  -4.67794121e+00  -8.60724622e-02  -1.60742146e+01
   -1.67744562e-02  -1.46419875e-01  -4.27002812e-05]
 [  1.10533755e+03  -7.79404911e-01  -5.19034179e-04   4.68999108e+00
   -1.14208888e+03  -4.73889302e+00  -3.49682910e+01   3.15746158e+00
    2.36492056e+00   5.78886273e+04   1.10187990e+03  -1.57912675e+05
    6.31375989e+01   1.10712202e+03   2.82571521e+00]
 [ -4.03705545e+05   1.34548308e+02   1.34873518e-01  -1.14208888e+03
    5.14872604e+05   1.49261849e+03   1.66135169e+04  -1.14285613e+03
   -8.25298434e+02  -2.68006715e+07  -5.10927831e+05   3.75967685e+07
   -1.95126805e+04  -3.92417001e+05  -7.86155906e+02]
 [ -1.27669355e+03  -3.69500614e+00   1.80594329e-03  -4.73889302e+00
    1.49261849e+03   1.34211206e+02   2.14827894e+02  -4.89580913e+00
   -6.69051469e+00   7.29518829e+04   1.59384459e+03  -2.15030163e+06
   -1.27463325e+03  -4.82725842e+03   1.84322020e+01]
 [ -2.20426380e+04  -1.24737392e+01   6.74509059e-03  -3.49682910e+01
    1.66135169e+04   2.14827894e+02   1.49578299e+03  -5.99652453e+01
   -3.55516590e+01  -5.88036204e+05  -1.08085371e+04  -2.36572472e+06
   -2.19992136e+03  -2.64222456e+04  -1.61406367e+01]
 [  1.36207373e+03   2.99551126e-02  -4.11070218e-04   3.15746158e+00
   -1.14285613e+03  -4.89580913e+00  -5.99652453e+01   3.59815082e+00
    2.28229598e+00   5.56678485e+04   1.05512353e+03  -7.24913676e+04
    5.50138070e+01   1.28514329e+03   2.63682895e+00]
 [  7.98460755e+02  -1.16548135e-01  -3.40095167e-04   2.36492056e+00
   -8.25298434e+02  -6.69051469e+00  -3.55516590e+01   2.28229598e+00
    1.76968133e+00   3.67647836e+04   6.92514223e+02   1.89750314e+04
    6.90099250e+01   7.95738021e+02   7.90789134e-01]
 [  2.07692374e+07  -1.37164358e+04  -4.67794121e+00   5.78886273e+04
   -2.68006715e+07   7.29518829e+04  -5.88036204e+05   5.56678485e+04
    3.67647836e+04   1.65530213e+09   3.19083974e+07  -5.12641256e+09
   -1.53114540e+05   1.82649165e+07   7.05471632e+04]
 [  3.95077417e+05  -2.71107750e+02  -8.60724622e-02   1.10187990e+03
   -5.10927831e+05   1.59384459e+03  -1.08085371e+04   1.05512353e+03
    6.92514223e+02   3.19083974e+07   6.15484517e+05  -1.01946803e+08
   -4.48842500e+03   3.44756156e+05   1.38341008e+03]
 [ -4.59205719e+07   9.81222959e+04  -1.60742146e+01  -1.57912675e+05
    3.75967685e+07  -2.15030163e+06  -2.36572472e+06  -7.24913676e+04
    1.89750314e+04  -5.12641256e+09  -1.01946803e+08   6.12010065e+10
    1.89208713e+07  -5.42838376e+06  -5.86317802e+05]
 [  1.48889989e+04   2.36197462e+01  -1.67744562e-02   6.31375989e+01
   -1.95126805e+04  -1.27463325e+03  -2.19992136e+03   5.50138070e+01
    6.90099250e+01  -1.53114540e+05  -4.48842500e+03   1.89208713e+07
    1.35967559e+04   5.65306381e+04  -1.52580062e+02]
 [  5.15829624e+05   8.95054388e+01  -1.46419875e-01   1.10712202e+03
   -3.92417001e+05  -4.82725842e+03  -2.64222456e+04   1.28514329e+03
    7.95738021e+02   1.82649165e+07   3.44756156e+05  -5.42838376e+06
    5.65306381e+04   7.56824208e+05   8.56616317e+02]
 [  1.19370733e+03  -9.09722967e-01  -4.27002812e-05   2.82571521e+00
   -7.86155906e+02   1.84322020e+01  -1.61406367e+01   2.63682895e+00
    7.90789134e-01   7.05471632e+04   1.38341008e+03  -5.86317802e+05
   -1.52580062e+02   8.56616317e+02   7.53515335e+00]]","[[  2.36615511e+04   1.37480939e+03  -8.30766850e-02  -8.02653511e+01
   -1.98500268e+06  -4.82120571e+05   8.21747694e+05  -4.31143599e+04
   -6.13286776e+02   2.76111606e+07   8.56960038e+05   1.54662680e+06
   -9.42667271e+02   7.45032410e+03   2.78718360e+05]
 [  1.37480939e+03   1.30470175e+02  -6.94480937e-03  -7.65043327e+00
   -1.81101507e+05  -3.62179356e+04   2.88873604e+04  -1.06124516e+02
   -5.81660585e+01   2.15193797e+06   6.33252045e+04   1.47494393e+05
   -1.98866745e+00   1.22944456e+03   2.10856694e+04]
 [ -8.30766850e-02  -6.94480937e-03   6.60509980e-07   2.91906357e-04
    1.08650946e+01   3.57326522e+00  -1.17189191e+01   8.60278638e-01
    2.95981544e-03  -2.02412638e+02  -6.75311938e+00  -2.99494286e-01
    3.50391167e-03  -3.49008316e-02  -2.02084186e+00]
 [ -8.02653511e+01  -7.65043327e+00   2.91906357e-04   7.65608765e-01
    8.58798756e+03   7.78234168e+02   5.04023142e+03  -5.37759429e+02
    2.91413740e+00  -5.06973640e+04  -9.12276995e+02  -1.08573042e+04
   -1.65009775e+00  -1.20750301e+02  -4.71705025e+02]
 [ -1.98500268e+06  -1.81101507e+05   1.08650946e+01   8.58798756e+03
    2.75168557e+08   6.53061038e+07  -1.08030305e+08   5.51931190e+06
    8.57393923e+04  -3.80408603e+09  -1.18041862e+08  -1.90390243e+08
    3.83967137e+04  -1.66291271e+06  -3.78597810e+07]
 [ -4.82120571e+05  -3.62179356e+04   3.57326522e+00   7.78234168e+02
    6.53061038e+07   2.32452716e+07  -7.87643467e+07   5.82417028e+06
    1.78833674e+04  -1.30602026e+09  -4.43179898e+07  -3.10620266e+06
    3.07607263e+04  -1.87272669e+05  -1.32278436e+07]
 [  8.21747694e+05   2.88873604e+04  -1.17189191e+01   5.04023142e+03
   -1.08030305e+08  -7.87643467e+07   4.17474739e+08  -3.41739428e+07
   -1.71794283e+04   4.28956798e+09   1.59190095e+08  -2.18486618e+08
   -1.60319654e+05  -7.27990586e+05   4.37942669e+07]
 [ -4.31143599e+04  -1.06124516e+02   8.60278638e-01  -5.37759429e+02
    5.51931190e+06   5.82417028e+06  -3.41739428e+07   2.84383513e+06
    3.23221248e+02  -3.14265672e+08  -1.19688099e+07   2.11873626e+07
    1.30605255e+04   8.34509721e+04  -3.21547538e+06]
 [ -6.13286776e+02  -5.81660585e+01   2.95981544e-03   2.91413740e+00
    8.57393923e+04   1.78833674e+04  -1.71794283e+04   3.23221248e+02
    2.79481727e+01  -1.05980754e+06  -3.17013371e+04  -7.43463998e+04
    5.11809596e+00  -6.03767951e+02  -1.04568232e+04]
 [  2.76111606e+07   2.15193797e+06  -2.02412638e+02  -5.06973640e+04
   -3.80408603e+09  -1.30602026e+09   4.28956798e+09  -3.14265672e+08
   -1.05980754e+06   7.37090189e+10   2.48545337e+09   4.53220007e+08
   -1.65352117e+06   1.22084846e+07   7.43954687e+08]
 [  8.56960038e+05   6.33252045e+04  -6.75311938e+00  -9.12276995e+02
   -1.18041862e+08  -4.43179898e+07   1.59190095e+08  -1.19688099e+07
   -3.17013371e+04   2.48545337e+09   8.51422642e+07  -6.28748017e+06
   -6.19163442e+04   2.75453789e+05   2.51636639e+07]
 [  1.54662680e+06   1.47494393e+05  -2.99494286e-01  -1.08573042e+04
   -1.90390243e+08  -3.10620266e+06  -2.18486618e+08   2.11873626e+07
   -7.43463998e+04   4.53220007e+08  -6.28748017e+06   7.71654026e+08
    5.31580166e+03   1.98515271e+06   3.45917946e+06]
 [ -9.42667271e+02  -1.98866745e+00   3.50391167e-03  -1.65009775e+00
    3.83967137e+04   3.07607263e+04  -1.60319654e+05   1.30605255e+04
    5.11809596e+00  -1.65352117e+06  -6.19163442e+04   5.31580166e+03
    1.80637852e+02  -1.55275056e+02  -1.72638083e+04]
 [  7.45032410e+03   1.22944456e+03  -3.49008316e-02  -1.20750301e+02
   -1.66291271e+06  -1.87272669e+05  -7.27990586e+05   8.34509721e+04
   -6.03767951e+02   1.22084846e+07   2.75453789e+05   1.98515271e+06
   -1.55275056e+02   5.86907686e+04   1.14895194e+05]
 [  2.78718360e+05   2.10856694e+04  -2.02084186e+00  -4.71705025e+02
   -3.78597810e+07  -1.32278436e+07   4.37942669e+07  -3.21547538e+06
   -1.04568232e+04   7.43954687e+08   2.51636639e+07   3.45917946e+06
   -1.72638083e+04   1.14895194e+05   7.53653741e+06]]","[[  1.17657117e+04  -4.97927255e+01   2.40314972e-02  -3.74714402e+01
    1.20306729e+02  -7.54188873e+02  -2.07949862e+02   3.07536949e+00
    6.56789868e-01   5.91207916e+04   1.68499348e+01  -8.71621095e+06
   -1.97873146e+03   1.09992592e+05   3.63637065e+01]
 [ -4.97927255e+01   2.32348285e+00   3.98547151e-04  -1.20773843e-01
   -2.39386518e-01   7.33862465e+00  -6.24026747e+00  -1.76336354e-01
    6.94566590e-03   5.69290344e+02   1.05992580e+00  -3.82563297e+04
   -1.65040223e+01  -2.42864374e+03  -1.73701935e+00]
 [  2.40314972e-02   3.98547151e-04   6.10656737e-07  -4.35267277e-04
    5.22510081e-04   2.79628429e-04  -9.50442324e-04  -3.11513640e-05
   -7.70526641e-05  -4.12080776e-01  -7.95493404e-04   1.27292290e+01
    8.99242355e-03  -6.18136103e-02  -2.54224731e-05]
 [ -3.74714402e+01  -1.20773843e-01  -4.35267277e-04   5.36237100e-01
   -7.99149674e-01   3.30342326e+00   1.90625922e+00   7.08570918e-02
    6.17410821e-03  -1.41954582e+03  -7.16684739e-01   4.86768323e+04
    1.97385397e+01  -3.63503252e+02   5.45823192e-01]
 [  1.20306729e+02  -2.39386518e-01   5.22510081e-04  -7.99149674e-01
    5.93242977e+00  -1.98157262e+01  -8.30743501e+00  -6.60095398e-02
    3.11700513e-02  -4.11265908e+01   1.09525864e+00  -3.18972912e+05
   -2.32649719e+01   1.60431545e+03  -4.17191303e-01]
 [ -7.54188873e+02   7.33862465e+00   2.79628429e-04   3.30342326e+00
   -1.98157262e+01   1.37036643e+02   7.10369735e+01  -9.27358262e-02
   -5.60904102e-01  -2.62843604e+04  -1.89766314e+01   1.72146543e+06
    2.99929292e+02  -1.41349012e+04  -4.29169072e-01]
 [ -2.07949862e+02  -6.24026747e+00  -9.50442324e-04   1.90625922e+00
   -8.30743501e+00   7.10369735e+01   1.95287523e+02   4.80021625e-01
   -1.04331548e+00  -4.16822953e+04  -2.33411166e+01   1.69755498e+06
    2.14801685e+02   4.47348710e+03   9.00011074e+00]
 [  3.07536949e+00  -1.76336354e-01  -3.11513640e-05   7.08570918e-02
   -6.60095398e-02  -9.27358262e-02   4.80021625e-01   3.54169901e-02
   -1.19931330e-02  -3.93049991e+02  -4.12305876e-01   1.43135001e+04
    7.57137065e+00   1.21330334e+02   3.49693550e-01]
 [  6.56789868e-01   6.94566590e-03  -7.70526641e-05   6.17410821e-03
    3.11700513e-02  -5.60904102e-01  -1.04331548e+00  -1.19931330e-02
    4.75702346e-02   7.87142785e+02   5.72359331e-01  -2.36028879e+04
   -1.05248216e+01  -7.18248148e+01  -2.57990921e-01]
 [  5.91207916e+04   5.69290344e+02  -4.12080776e-01  -1.41954582e+03
   -4.11265908e+01  -2.62843604e+04  -4.16822953e+04  -3.93049991e+02
    7.87142785e+02   3.48391193e+07   1.96776435e+04  -7.76824710e+08
   -3.98651162e+05  -7.01845209e+05  -6.13856887e+03]
 [  1.68499348e+01   1.05992580e+00  -7.95493404e-04  -7.16684739e-01
    1.09525864e+00  -1.89766314e+01  -2.33411166e+01  -4.12305876e-01
    5.72359331e-01   1.96776435e+04   1.42080414e+01  -5.81728592e+05
   -2.69991680e+02  -7.40231096e+02  -5.41283859e+00]
 [ -8.71621095e+06  -3.82563297e+04   1.27292290e+01   4.86768323e+04
   -3.18972912e+05   1.72146543e+06   1.69755498e+06   1.43135001e+04
   -2.36028879e+04  -7.76824710e+08  -5.81728592e+05   4.14170756e+10
    1.14189785e+07  -2.97671808e+07   1.94346797e+05]
 [ -1.97873146e+03  -1.65040223e+01   8.99242355e-03   1.97385397e+01
   -2.32649719e+01   2.99929292e+02   2.14801685e+02   7.57137065e+00
   -1.05248216e+01  -3.98651162e+05  -2.69991680e+02   1.14189785e+07
    6.56280603e+03   1.02613790e+04   9.75296832e+01]
 [  1.09992592e+05  -2.42864374e+03  -6.18136103e-02  -3.63503252e+02
    1.60431545e+03  -1.41349012e+04   4.47348710e+03   1.21330334e+02
   -7.18248148e+01  -7.01845209e+05  -7.40231096e+02  -2.97671808e+07
    1.02613790e+04   3.41469566e+06   1.58478293e+03]
 [  3.63637065e+01  -1.73701935e+00  -2.54224731e-05   5.45823192e-01
   -4.17191303e-01  -4.29169072e-01   9.00011074e+00   3.49693550e-01
   -2.57990921e-01  -6.13856887e+03  -5.41283859e+00   1.94346797e+05
    9.75296832e+01   1.58478293e+03   3.95342431e+00]]","[[  2.89218811e+05  -6.87318873e+02   5.37394478e-01  -5.50092706e+02
    1.15778896e+04  -1.72647015e+04   4.71796037e+03  -1.21487241e+04
   -1.04860578e+02   2.14686247e+05  -2.89388009e+03  -3.19644859e+08
   -3.32061464e+04   2.47088185e+06  -6.71423803e+03]
 [ -6.87318873e+02   4.09656818e+00  -2.54694946e-03   1.57950122e+00
   -5.18061575e+01   7.44912832e+01  -1.45192029e+01   5.26889740e+01
    9.01285611e-01  -9.71663737e+02   1.40566451e+01   1.61091158e+06
   -3.58665797e+01  -1.07410249e+04   3.05881459e+01]
 [  5.37394478e-01  -2.54694946e-03   1.99636497e-06  -1.50782221e-03
    3.56228234e-02  -5.24136978e-02   9.95057756e-03  -3.57594731e-02
   -7.66542058e-04   6.72561128e-01  -9.47211049e-03  -1.06080493e+03
   -4.20621309e-02   7.42643561e+00  -1.73018936e-02]
 [ -5.50092706e+02   1.57950122e+00  -1.50782221e-03   1.65620476e+00
   -2.50068098e+01   3.88359952e+01  -9.13706254e+00   2.50764885e+01
    4.99756808e-01  -4.72494810e+02   6.20940327e+00   6.75891220e+05
    1.47692877e+02  -5.36521258e+03   7.24231127e+00]
 [  1.15778896e+04  -5.18061575e+01   3.56228234e-02  -2.50068098e+01
    7.19401685e+02  -1.03869609e+03   2.17863844e+02  -7.34998744e+02
   -1.17736363e+01   1.34290301e+04  -1.91354804e+02  -2.16438441e+07
   -6.89929780e+01   1.49519294e+05  -4.24995479e+02]
 [ -1.72647015e+04   7.44912832e+01  -5.24136978e-02   3.88359952e+01
   -1.03869609e+03   1.53955585e+03  -3.15463328e+02   1.05939811e+03
    1.69835075e+01  -1.95257690e+04   2.76266514e+02   3.10094239e+07
    4.50641865e+02  -2.19319713e+05   5.99658824e+02]
 [  4.71796037e+03  -1.45192029e+01   9.95057756e-03  -9.13706254e+00
    2.17863844e+02  -3.15463328e+02   8.46799916e+01  -2.28565028e+02
   -2.23183194e+00   4.03646893e+03  -5.52843592e+01  -6.29142574e+06
   -4.43862760e+02   4.57273853e+04  -1.24642347e+02]
 [ -1.21487241e+04   5.26889740e+01  -3.57594731e-02   2.50764885e+01
   -7.34998744e+02   1.05939811e+03  -2.28565028e+02   7.56983364e+02
    1.14491271e+01  -1.37532776e+04   1.95140321e+02   2.21822886e+07
    3.03357570e+01  -1.53069103e+05   4.43946857e+02]
 [ -1.04860578e+02   9.01285611e-01  -7.66542058e-04   4.99756808e-01
   -1.17736363e+01   1.69835075e+01  -2.23183194e+00   1.14491271e+01
    3.90121573e-01  -2.26449970e+02   3.25092986e+00   3.63647542e+05
    8.08608632e+00  -2.38970844e+03   4.48216589e+00]
 [  2.14686247e+05  -9.71663737e+02   6.72561128e-01  -4.72494810e+02
    1.34290301e+04  -1.95257690e+04   4.03646893e+03  -1.37532776e+04
   -2.26449970e+02   2.52521157e+05  -3.58286762e+03  -4.05633259e+08
   -1.56990168e+03   2.80475491e+06  -7.87787564e+03]
 [ -2.89388009e+03   1.40566451e+01  -9.47211049e-03   6.20940327e+00
   -1.91354804e+02   2.76266514e+02  -5.52843592e+01   1.95140321e+02
    3.25092986e+00  -3.58286762e+03   5.15037537e+01   5.81948427e+06
   -8.17522512e+01  -3.97649269e+04   1.16347168e+02]
 [ -3.19644859e+08   1.61091158e+06  -1.06080493e+03   6.75891220e+05
   -2.16438441e+07   3.10094239e+07  -6.29142574e+06   2.21822886e+07
    3.63647542e+05  -4.05633259e+08   5.81948427e+06   6.64881815e+11
   -1.23038042e+07  -4.48669507e+09   1.32173366e+07]
 [ -3.32061464e+04  -3.58665797e+01  -4.20621309e-02   1.47692877e+02
   -6.89929780e+01   4.50641865e+02  -4.43862760e+02   3.03357570e+01
    8.08608632e+00  -1.56990168e+03  -8.17522512e+01  -1.23038042e+07
    2.87214103e+04  -3.49141195e+04  -1.37322243e+03]
 [  2.47088185e+06  -1.07410249e+04   7.42643561e+00  -5.36521258e+03
    1.49519294e+05  -2.19319713e+05   4.57273853e+04  -1.53069103e+05
   -2.38970844e+03   2.80475491e+06  -3.97649269e+04  -4.48669507e+09
   -3.49141195e+04   3.14186537e+07  -8.81809140e+04]
 [ -6.71423803e+03   3.05881459e+01  -1.73018936e-02   7.24231127e+00
   -4.24995479e+02   5.99658824e+02  -1.24642347e+02   4.43946857e+02
    4.48216589e+00  -7.87787564e+03   1.16347168e+02   1.32173366e+07
   -1.37322243e+03  -8.81809140e+04   3.52994990e+02]]","[[  7.23660249e+04   5.11539104e+01  -2.41138998e-02   2.06843077e+02
   -1.93746882e+02   1.77899009e+02  -6.20862321e+03   5.25051966e+01
    1.53633970e+02  -1.11617138e+04   2.51989854e+01  -3.36145324e+07
   -1.06666082e+02   1.56544338e+05  -2.62059803e+02]
 [  5.11539104e+01   1.89490693e+00   4.90343060e-06  -2.65292413e-01
   -5.80322794e-02   1.17727837e+00  -1.01441579e+01  -1.62540008e-03
    1.74851993e-01   6.22037975e+00   4.51097808e-01   4.05835160e+02
   -1.94205323e-01   1.51694611e+02  -6.69915652e-01]
 [ -2.41138998e-02   4.90343060e-06   1.99155413e-08  -1.22197353e-04
    1.52091611e-06  -1.66049946e-04   3.43422003e-03  -2.04832581e-05
   -8.40195328e-05   6.81565267e-03  -5.77307473e-05   1.26308049e+01
    1.41817530e-03  -8.13742515e-02   1.74769193e-04]
 [  2.06843077e+02  -2.65292413e-01  -1.22197353e-04   1.60344052e+00
    2.84157034e-01   1.00498636e-01  -1.81796433e+01   1.53346213e-01
    2.77553585e-01  -9.56534937e+01   1.58111731e-01  -1.16417209e+05
   -2.78383984e+00   5.60058480e+02  -2.96708789e-01]
 [ -1.93746882e+02  -5.80322794e-02   1.52091611e-06   2.84157034e-01
    4.26040603e+00  -1.54673957e+00   1.71283358e+01  -7.71007180e-02
   -4.40135696e-01  -6.18494664e+01   1.60665001e-01   1.17770447e+05
   -1.27063946e+01  -7.80346739e+02   9.59160304e-01]
 [  1.77899009e+02   1.17727837e+00  -1.66049946e-04   1.00498636e-01
   -1.54673957e+00   3.51336740e+00  -3.90816205e+01   1.23891952e-01
    1.03607807e+00   1.39461512e+01   9.49022264e-01  -9.01638884e+04
   -1.60269004e+01   9.37785618e+02  -2.64054898e+00]
 [ -6.20862321e+03  -1.01441579e+01   3.43422003e-03  -1.81796433e+01
    1.71283358e+01  -3.90816205e+01   8.21645708e+02  -4.78499902e+00
   -1.92468358e+01   1.10611260e+03  -1.04508693e+01   3.03891792e+06
    1.32040646e+02  -2.01151971e+04   4.02497213e+01]
 [  5.25051966e+01  -1.62540008e-03  -2.04832581e-05   1.53346213e-01
   -7.71007180e-02   1.23891952e-01  -4.78499902e+00   5.60987581e-02
    1.59699089e-01  -5.26614378e+00   6.41429621e-05  -1.97855102e+04
   -1.11548943e+00   5.01134513e+01  -2.31980038e-01]
 [  1.53633970e+02   1.74851993e-01  -8.40195328e-05   2.77553585e-01
   -4.40135696e-01   1.03607807e+00  -1.92468358e+01   1.59699089e-01
    6.77356370e-01  -4.36304187e+00   1.98090245e-01  -6.55742533e+04
   -4.48687173e+00   2.95676964e+02  -1.28649024e+00]
 [ -1.11617138e+04   6.22037975e+00   6.81565267e-03  -9.56534937e+01
   -6.18494664e+01   1.39461512e+01   1.10611260e+03  -5.26614378e+00
   -4.36304187e+00   8.73043668e+03  -1.62069435e+01   7.52569124e+06
   -2.18621583e+01  -4.80793636e+04   4.62334568e+00]
 [  2.51989854e+01   4.51097808e-01  -5.77307473e-05   1.58111731e-01
    1.60665001e-01   9.49022264e-01  -1.04508693e+01   6.41429621e-05
    1.98090245e-01  -1.62069435e+01   4.23955900e-01  -1.77052950e+04
   -5.79987606e+00   2.95799220e+02  -6.69203575e-01]
 [ -3.36145324e+07   4.05835160e+02   1.26308049e+01  -1.16417209e+05
    1.17770447e+05  -9.01638884e+04   3.03891792e+06  -1.97855102e+04
   -6.55742533e+04   7.52569124e+06  -1.77052950e+04   1.93657606e+10
   -3.63091646e+05  -1.09117359e+08   1.22735149e+05]
 [ -1.06666082e+02  -1.94205323e-01   1.41817530e-03  -2.78383984e+00
   -1.27063946e+01  -1.60269004e+01   1.32040646e+02  -1.11548943e+00
   -4.48687173e+00  -2.18621583e+01  -5.79987606e+00  -3.63091646e+05
    4.79243962e+02   1.60814330e+03   8.98834569e+00]
 [  1.56544338e+05   1.51694611e+02  -8.13742515e-02   5.60058480e+02
   -7.80346739e+02   9.37785618e+02  -2.01151971e+04   5.01134513e+01
    2.95676964e+02  -4.80793636e+04   2.95799220e+02  -1.09117359e+08
    1.60814330e+03   8.80933241e+05  -7.94567887e+02]
 [ -2.62059803e+02  -6.69915652e-01   1.74769193e-04  -2.96708789e-01
    9.59160304e-01  -2.64054898e+00   4.02497213e+01  -2.31980038e-01
   -1.28649024e+00   4.62334568e+00  -6.69203575e-01   1.22735149e+05
    8.98834569e+00  -7.94567887e+02   2.84653472e+00]]","[[  7.15733981e+03  -2.27741470e+01  -4.48775174e-02   9.49723519e+00
   -1.72106588e+00  -7.82342270e+01   1.55324403e+03   4.71054158e+00
    2.40528403e+01  -6.87174331e+03  -3.57844981e+01   1.31800686e+07
   -3.23931953e+02  -1.96384330e+04  -2.78696514e+01]
 [ -2.27741470e+01   5.65172582e-01   6.07741610e-04  -1.01567663e-01
   -3.83132446e-01   5.89617533e-02  -1.71267704e+01  -1.70229691e-01
   -3.67789157e-01   9.66666497e+01   5.45076596e-01  -2.20173922e+05
    3.19841107e+00   1.47428680e+02   1.29948834e-01]
 [ -4.48775174e-02   6.07741610e-04   1.09760930e-06  -1.33401297e-04
   -3.65330308e-04   5.80437127e-04  -2.95338783e-02  -1.72666952e-04
   -5.98944840e-04   1.83385193e-01   6.91243753e-04  -4.59131768e+02
    5.65591361e-03   3.25168329e-01   2.63530193e-04]
 [  9.49723519e+00  -1.01567663e-01  -1.33401297e-04   5.62422764e-02
    5.73974953e-02  -1.35976047e-01   5.18412712e+00   1.48341894e-02
    8.53189975e-02  -1.77194120e+01  -4.23226442e-02   1.68030233e+04
   -6.70772703e-01  -5.22097294e+01  -3.06785790e-02]
 [ -1.72106588e+00  -3.83132446e-01  -3.65330308e-04   5.73974953e-02
    7.40567062e-01  -2.02197376e-01   6.37985015e+00   1.19737205e-01
    2.19098106e-01  -4.20182640e+01   7.47898217e-02   1.15145114e+05
   -1.35767113e+00  -1.81789735e+01  -2.88764433e-01]
 [ -7.82342270e+01   5.89617533e-02   5.80437127e-04  -1.35976047e-01
   -2.02197376e-01   2.77331995e+00  -1.71766283e+01  -5.70085170e-03
   -3.60355743e-01   6.76363911e+01  -4.92646825e-01  -1.40192883e+05
    8.07175539e-01   2.53991301e+02   7.31308026e-01]
 [  1.55324403e+03  -1.71267704e+01  -2.95338783e-02   5.18412712e+00
    6.37985015e+00  -1.71766283e+01   1.14374679e+03   1.00268370e+00
    1.70483758e+01  -5.73906506e+03  -3.72316341e+01   1.14808074e+07
   -2.17277419e+02  -1.12042548e+04   3.87894614e+00]
 [  4.71054158e+00  -1.70229691e-01  -1.72666952e-04   1.48341894e-02
    1.19737205e-01  -5.70085170e-03   1.00268370e+00   1.28628705e-01
    1.10140396e-01  -1.94383690e+01   4.58313694e-03   7.47842686e+04
   -1.22799819e-01  -4.32298099e+01  -1.15977980e-01]
 [  2.40528403e+01  -3.67789157e-01  -5.98944840e-04   8.53189975e-02
    2.19098106e-01  -3.60355743e-01   1.70483758e+01   1.10140396e-01
    3.74654725e-01  -9.88043893e+01  -3.15091013e-01   2.36320983e+05
   -2.87683707e+00  -1.77878511e+02  -2.13810021e-01]
 [ -6.87174331e+03   9.66666497e+01   1.83385193e-01  -1.77194120e+01
   -4.20182640e+01   6.76363911e+01  -5.73906506e+03  -1.94383690e+01
   -9.88043893e+01   3.51697999e+04   2.03387424e+02  -8.51193556e+07
    1.13545055e+03   6.09533767e+04  -1.34156098e+01]
 [ -3.57844981e+01   5.45076596e-01   6.91243753e-04  -4.23226442e-02
    7.47898217e-02  -4.92646825e-01  -3.72316341e+01   4.58313694e-03
   -3.15091013e-01   2.03387424e+02   2.87141171e+00  -4.07571725e+05
    8.62083369e+00   3.50624090e+02  -1.19544357e+00]
 [  1.31800686e+07  -2.20173922e+05  -4.59131768e+02   1.68030233e+04
    1.15145114e+05  -1.40192883e+05   1.14808074e+07   7.47842686e+04
    2.36320983e+05  -8.51193556e+07  -4.07571725e+05   2.36471622e+11
   -2.44268748e+06  -1.36821127e+08  -3.57313562e+04]
 [ -3.23931953e+02   3.19841107e+00   5.65591361e-03  -6.70772703e-01
   -1.35767113e+00   8.07175539e-01  -2.17277419e+02  -1.22799819e-01
   -2.87683707e+00   1.13545055e+03   8.62083369e+00  -2.44268748e+06
    8.91137501e+01   2.51303232e+03  -8.90373780e-01]
 [ -1.96384330e+04   1.47428680e+02   3.25168329e-01  -5.22097294e+01
   -1.81789735e+01   2.53991301e+02  -1.12042548e+04  -4.32298099e+01
   -1.77878511e+02   6.09533767e+04   3.50624090e+02  -1.36821127e+08
    2.51303232e+03   1.90277382e+05  -1.20644683e+00]
 [ -2.78696514e+01   1.29948834e-01   2.63530193e-04  -3.06785790e-02
   -2.88764433e-01   7.31308026e-01   3.87894614e+00  -1.15977980e-01
   -2.13810021e-01  -1.34156098e+01  -1.19544357e+00  -3.57313562e+04
   -8.90373780e-01  -1.20644683e+00   1.32747569e+00]]","[[  1.13905235e+06  -3.92114325e+03  -1.82111463e+00  -1.10572139e+02
   -4.42929754e+02  -7.18433101e+03   1.96459482e+05  -7.84989264e+03
    2.74566349e+02  -1.05116455e+05   1.10096725e+03  -3.43750456e+08
   -7.58309800e+05   3.70188595e+06   2.59823369e+04]
 [ -3.92114325e+03   1.38986205e+02   3.16764182e-02  -1.74818894e+00
   -6.46864444e+01  -2.81527026e+02  -3.41954833e+03   1.54736456e+02
   -2.64991361e+00   2.55602943e+03  -4.55490265e+01   1.08266108e+07
    1.51015867e+04  -5.53008286e+04  -3.27103847e+02]
 [ -1.82111463e+00   3.16764182e-02   8.37582460e-06  -7.14241129e-04
   -1.33749451e-02  -5.08910999e-02  -8.98361564e-01   3.86365359e-02
   -6.91739936e-04   6.17251494e-01  -1.30324588e-02   2.45678371e+03
    3.91098600e+00  -1.33294560e+01  -1.02671149e-01]
 [ -1.10572139e+02  -1.74818894e+00  -7.14241129e-04   8.04477983e-01
    1.71236568e+00   4.02873792e+00   5.11526461e+01  -7.84409821e-01
   -1.41741534e-01  -3.75873856e+01   4.72306527e+00   4.20791334e+04
   -3.15183863e+02  -1.14903021e+03   2.02758184e+01]
 [ -4.42929754e+02  -6.46864444e+01  -1.33749451e-02   1.71236568e+00
    4.21018652e+01   1.96540255e+02   1.65303466e+03  -7.70025639e+01
    7.62300628e-01  -1.10274197e+03   2.70696360e+01  -6.50225970e+06
   -7.45874582e+03   1.59925779e+04   1.38649936e+02]
 [ -7.18433101e+03  -2.81527026e+02  -5.08910999e-02   4.02873792e+00
    1.96540255e+02   9.80127740e+02   6.89351332e+03  -3.37221587e+02
    2.92008035e+00  -4.43425750e+03   9.17470860e+01  -3.08623201e+07
   -3.08492218e+04   6.18606846e+04   4.36804691e+02]
 [  1.96459482e+05  -3.41954833e+03  -8.98361564e-01   5.11526461e+01
    1.65303466e+03   6.89351332e+03   1.07916983e+05  -4.75049320e+03
    7.72423822e+01  -6.33908270e+04   1.27722938e+03  -3.35251870e+08
   -4.58179646e+05   1.30339170e+06   1.12028044e+04]
 [ -7.84989264e+03   1.54736456e+02   3.86365359e-02  -7.84409821e-01
   -7.70025639e+01  -3.37221587e+02  -4.75049320e+03   2.14730002e+02
   -3.71037830e+00   2.82742457e+03  -4.87116189e+01   1.59118210e+07
    2.00834464e+04  -6.04357441e+04  -4.39919794e+02]
 [  2.74566349e+02  -2.64991361e+00  -6.91739936e-04  -1.41741534e-01
    7.62300628e-01   2.92008035e+00   7.72423822e+01  -3.71037830e+00
    1.38590475e-01  -5.73793077e+01   1.49293003e-01  -2.69012867e+05
   -3.12899779e+02   1.85776464e+03   4.42941715e+00]
 [ -1.05116455e+05   2.55602943e+03   6.17251494e-01  -3.75873856e+01
   -1.10274197e+03  -4.43425750e+03  -6.33908270e+04   2.82742457e+03
   -5.73793077e+01   5.00752859e+04  -9.25878994e+02   1.89555329e+08
    2.81635866e+05  -1.12748724e+06  -6.34967198e+03]
 [  1.10096725e+03  -4.55490265e+01  -1.30324588e-02   4.72306527e+00
    2.70696360e+01   9.17470860e+01   1.27722938e+03  -4.87116189e+01
    1.49293003e-01  -9.25878994e+02   4.13589961e+01  -2.90974976e+06
   -6.15384365e+03   8.57963327e+03   2.07875700e+02]
 [ -3.43750456e+08   1.08266108e+07   2.45678371e+03   4.20791334e+04
   -6.50225970e+06  -3.08623201e+07  -3.35251870e+08   1.59118210e+07
   -2.69012867e+05   1.89555329e+08  -2.90974976e+06   1.35099086e+12
    1.41191967e+09  -3.75061110e+09  -2.36579851e+07]
 [ -7.58309800e+05   1.51015867e+04   3.91098600e+00  -3.15183863e+02
   -7.45874582e+03  -3.08492218e+04  -4.58179646e+05   2.00834464e+04
   -3.12899779e+02   2.81635866e+05  -6.15384365e+03   1.41191967e+09
    1.97328121e+06  -5.54703177e+06  -4.86237805e+04]
 [  3.70188595e+06  -5.53008286e+04  -1.33294560e+01  -1.14903021e+03
    1.59925779e+04   6.18606846e+04   1.30339170e+06  -6.04357441e+04
    1.85776464e+03  -1.12748724e+06   8.57963327e+03  -3.75061110e+09
   -5.54703177e+06   3.34785611e+07   1.06308484e+05]
 [  2.59823369e+04  -3.27103847e+02  -1.02671149e-01   2.02758184e+01
    1.38649936e+02   4.36804691e+02   1.12028044e+04  -4.39919794e+02
    4.42941715e+00  -6.34967198e+03   2.07875700e+02  -2.36579851e+07
   -4.86237805e+04   1.06308484e+05   1.68171636e+03]]","[[  3.22897977e+02  -5.81530189e-01  -9.84122230e-03   8.01491429e+00
    5.33310452e+00  -4.62606546e+00   1.09989919e+02   2.10595423e+00
   -1.13936496e+00  -3.44081317e+02   3.47773778e+00  -5.47227312e+05
   -5.62006253e+01  -2.78530547e+03   2.32305592e+01]
 [ -5.81530189e-01   8.18249797e-02   8.25290140e-05  -3.37852484e-02
   -3.49125941e-02   2.78543259e-02  -5.19829863e-01  -3.95919031e-03
    4.52001231e-03  -8.55254531e-01  -3.10362310e-02   1.34416629e+03
   -2.99440930e-01  -3.79727118e+00   4.10934769e-03]
 [ -9.84122230e-03   8.25290140e-05   7.35755697e-07  -5.72624752e-04
   -4.10024587e-04   2.30769370e-04  -6.62906321e-03  -1.62283727e-04
    2.62458166e-05   2.06393333e-02  -1.71498550e-04   3.43728035e+01
    4.79310995e-03   1.87800576e-01  -1.55028005e-03]
 [  8.01491429e+00  -3.37852484e-02  -5.72624752e-04   4.64497343e-01
    3.36040463e-01  -1.76201790e-01   5.38894008e+00   1.34913268e-01
   -2.43013213e-02  -1.79095266e+01   1.29952401e-01  -2.86585643e+04
   -4.16302055e+00  -1.60659310e+02   1.32259121e+00]
 [  5.33310452e+00  -3.49125941e-02  -4.10024587e-04   3.36040463e-01
    3.24912329e-01  -1.28192700e-01   4.21116423e+00   9.69016981e-02
   -1.85219903e-02  -1.22605562e+01   9.95588301e-02  -2.34078647e+04
   -2.97016800e+00  -1.15203831e+02   9.57058871e-01]
 [ -4.62606546e+00   2.78543259e-02   2.30769370e-04  -1.76201790e-01
   -1.28192700e-01   1.03733439e-01  -2.28693289e+00  -4.82209228e-02
    8.48621945e-03   5.82134718e+00  -6.43026758e-02   1.12587346e+04
    1.47378378e+00   5.74125836e+01  -4.63273559e-01]
 [  1.09989919e+02  -5.19829863e-01  -6.62906321e-03   5.38894008e+00
    4.21116423e+00  -2.28693289e+00   6.95309296e+01   1.51976784e+00
   -3.83676813e-01  -2.01857059e+02   1.73001253e+00  -3.55732843e+05
   -4.37141906e+01  -1.81844488e+03   1.53590836e+01]
 [  2.10595423e+00  -3.95919031e-03  -1.62283727e-04   1.34913268e-01
    9.69016981e-02  -4.82209228e-02   1.51976784e+00   4.07636527e-02
   -5.10022150e-03  -5.34158323e+00   3.31914169e-02  -8.21357438e+03
   -1.34323943e+00  -4.86992486e+01   3.95319403e-01]
 [ -1.13936496e+00   4.52001231e-03   2.62458166e-05  -2.43013213e-02
   -1.85219903e-02   8.48621945e-03  -3.83676813e-01  -5.10022150e-03
    1.14673453e-02   1.40803176e+00  -1.43517413e-02   2.02506767e+03
    2.28505252e-02   8.39440870e+00  -8.46911166e-02]
 [ -3.44081317e+02  -8.55254531e-01   2.06393333e-02  -1.79095266e+01
   -1.22605562e+01   5.82134718e+00  -2.01857059e+02  -5.34158323e+00
    1.40803176e+00   8.24409747e+02  -4.66486360e+00   1.09767585e+06
    1.65106176e+02   6.70191069e+03  -5.52292651e+01]
 [  3.47773778e+00  -3.10362310e-02  -1.71498550e-04   1.29952401e-01
    9.95588301e-02  -6.43026758e-02   1.73001253e+00   3.31914169e-02
   -1.43517413e-02  -4.66486360e+00   5.49160389e-02  -8.54738178e+03
   -7.53915840e-01  -3.94513630e+01   3.41364300e-01]
 [ -5.47227312e+05   1.34416629e+03   3.43728035e+01  -2.86585643e+04
   -2.34078647e+04   1.12587346e+04  -3.55732843e+05  -8.21357438e+03
    2.02506767e+03   1.09767585e+06  -8.54738178e+03   1.97220426e+09
    2.54341280e+05   1.00499677e+07  -8.35199179e+04]
 [ -5.62006253e+01  -2.99440930e-01   4.79310995e-03  -4.16302055e+00
   -2.97016800e+00   1.47378378e+00  -4.37141906e+01  -1.34323943e+00
    2.28505252e-02   1.65106176e+02  -7.53915840e-01   2.54341280e+05
    5.30502977e+01   1.64912953e+03  -1.27427249e+01]
 [ -2.78530547e+03  -3.79727118e+00   1.87800576e-01  -1.60659310e+02
   -1.15203831e+02   5.74125836e+01  -1.81844488e+03  -4.86992486e+01
    8.39440870e+00   6.70191069e+03  -3.94513630e+01   1.00499677e+07
    1.64912953e+03   6.01627956e+04  -4.85866196e+02]
 [  2.32305592e+01   4.10934769e-03  -1.55028005e-03   1.32259121e+00
    9.57058871e-01  -4.63273559e-01   1.53590836e+01   3.95319403e-01
   -8.46911166e-02  -5.52292651e+01   3.41364300e-01  -8.35199179e+04
   -1.27427249e+01  -4.85866196e+02   3.99480042e+00]]","[[  3.47531603e+03   8.94420703e+00   8.22168144e-04  -4.71977534e-01
    6.76126798e+00  -4.88538894e+00   4.49003236e+00   7.83091795e+00
    1.82663163e+00  -2.98598571e+02  -1.88360182e+01  -7.53612607e+05
    1.67462730e+02  -8.19942738e+02  -2.47995158e+01]
 [  8.94420703e+00   2.12696979e-01   3.51512064e-06  -1.53216541e-03
    2.63707184e-02   1.37550825e-02   2.33844617e-02  -1.14673234e-01
   -2.13192165e-02  -6.46175042e+00   1.68744032e-01   2.76378896e+03
   -1.88044649e+00  -2.69841791e+01   9.84589794e-03]
 [  8.22168144e-04   3.51512064e-06   4.20095156e-09  -1.07035597e-05
    1.64706389e-06  -1.94406090e-06  -3.35599768e-06   1.82856985e-05
    4.30010152e-06   4.38854072e-04  -2.64323526e-05  -5.85650854e-02
    2.90046406e-04  -1.65345065e-03  -1.45700790e-05]
 [ -4.71977534e-01  -1.53216541e-03  -1.07035597e-05   3.77502006e-02
    1.73306604e-03  -3.21568220e-02   1.25685423e-02  -3.79572939e-02
   -8.47069761e-03  -1.13798245e+00   3.31514999e-02  -1.11784545e+03
    4.46852491e-01   3.68232284e+00   1.51055802e-02]
 [  6.76126798e+00   2.63707184e-02   1.64706389e-06   1.73306604e-03
    2.17262969e-02  -1.75524462e-02   1.46149204e-02   2.19569405e-03
    1.80907034e-03  -7.24940514e-01  -3.93617689e-02  -1.29436202e+03
    6.65083499e-01  -3.50362202e+00  -5.25039996e-02]
 [ -4.88538894e+00   1.37550825e-02  -1.94406090e-06  -3.21568220e-02
   -1.75524462e-02   4.96027995e-01   5.04730559e-02  -9.92418123e-02
   -5.09965108e-03  -5.75664208e+00   2.84018306e-01   8.35474121e+02
   -9.21460835e+00  -1.48561090e+00   8.14168553e-02]
 [  4.49003236e+00   2.33844617e-02  -3.35599768e-06   1.25685423e-02
    1.46149204e-02   5.04730559e-02   5.15082853e-02  -5.31930427e-02
   -1.29297332e-03  -3.21208174e+00   5.66790829e-02  -2.53059630e+03
   -8.57956119e-01   6.04539185e+00  -9.21661928e-03]
 [  7.83091795e+00  -1.14673234e-01   1.82856985e-05  -3.79572939e-02
    2.19569405e-03  -9.92418123e-02  -5.31930427e-02   2.59813402e-01
    4.70191124e-02   8.10526797e+00  -3.99156288e-01  -3.36322440e+03
    4.83407636e+00   1.83498561e+00  -1.91057025e-01]
 [  1.82663163e+00  -2.13192165e-02   4.30010152e-06  -8.47069761e-03
    1.80907034e-03  -5.09965108e-03  -1.29297332e-03   4.70191124e-02
    1.21418061e-02   1.17021834e+00  -7.48128979e-02  -1.51009110e+03
    8.40744075e-01   5.30133117e+00  -4.50381087e-02]
 [ -2.98598571e+02  -6.46175042e+00   4.38854072e-04  -1.13798245e+00
   -7.24940514e-01  -5.75664208e+00  -3.21208174e+00   8.10526797e+00
    1.17021834e+00   4.23704896e+02  -1.26717364e+01   3.56548905e+04
    1.87189155e+02   2.13852007e+02  -2.90306222e+00]
 [ -1.88360182e+01   1.68744032e-01  -2.64323526e-05   3.31514999e-02
   -3.93617689e-02   2.84018306e-01   5.66790829e-02  -3.99156288e-01
   -7.48128979e-02  -1.26717364e+01   7.59662314e-01   7.48082625e+03
   -1.09771188e+01  -5.85491674e+00   3.64698797e-01]
 [ -7.53612607e+05   2.76378896e+03  -5.85650854e-02  -1.11784545e+03
   -1.29436202e+03   8.35474121e+02  -2.53059630e+03  -3.36322440e+03
   -1.51009110e+03   3.56548905e+04   7.48082625e+03   6.54756271e+08
   -1.18549920e+05  -2.02437323e+06   8.36658615e+03]
 [  1.67462730e+02  -1.88044649e+00   2.90046406e-04   4.46852491e-01
    6.65083499e-01  -9.21460835e+00  -8.57956119e-01   4.83407636e+00
    8.40744075e-01   1.87189155e+02  -1.09771188e+01  -1.18549920e+05
    2.60006805e+02  -6.14429583e+00  -4.25129570e+00]
 [ -8.19942738e+02  -2.69841791e+01  -1.65345065e-03   3.68232284e+00
   -3.50362202e+00  -1.48561090e+00   6.04539185e+00   1.83498561e+00
    5.30133117e+00   2.13852007e+02  -5.85491674e+00  -2.02437323e+06
   -6.14429583e+00   1.88865092e+04  -1.01161605e+01]
 [ -2.47995158e+01   9.84589794e-03  -1.45700790e-05   1.51055802e-02
   -5.25039996e-02   8.14168553e-02  -9.21661928e-03  -1.91057025e-01
   -4.50381087e-02  -2.90306222e+00   3.64698797e-01   8.36658615e+03
   -4.25129570e+00  -1.01161605e+01   3.20898697e-01]]","[[  5.41234909e+03   2.08146381e+01  -4.42211858e-02   2.69846013e+01
   -2.11037812e+01  -1.35040816e+01   6.72927133e+01  -4.04640855e+00
    4.78879868e+00  -3.29853538e+02   1.24377399e+02  -2.03945749e+06
    1.08978705e+03  -1.44376342e+03  -4.40001103e+01]
